0 1.6802461 2.667056 0.38383478
1 1.299051 1.0189939 0.37347877
2 1.4731158 0.66115654 0.34763163
3 1.3884823 0.49656475 0.3291742
4 1.1276565 0.5393166 0.35246074
5 1.1039639 0.5288904 0.34262165
6 1.2399077 0.6342759 0.3982442
7 1.146937 0.44448304 0.35580868
8 1.110522 0.5160651 0.36556393
9 1.0340915 0.5549514 0.29438233
10 1.0358437 0.4843325 0.39675152
11 1.1562847 0.40487903 0.3746351
12 1.0385141 0.5099424 0.3317747
13 1.0517771 0.4089414 0.37559426
14 1.0420747 0.4201389 0.27074015
15 1.027962 0.45793793 0.32329243
16 1.0635965 0.41520068 0.30034083
17 1.0463843 0.46649793 0.33573133
18 1.035315 0.46074623 0.32053742
19 1.0231986 0.4454741 0.3634147
20 1.0651356 0.42690647 0.3403812
21 1.0170759 0.45796242 0.34611425
22 1.0134853 0.42700696 0.33680117
23 0.9984551 0.4248634 0.3071369
24 0.98018503 0.44140327 0.31699532
25 1.0026251 0.39935225 0.32159507
26 1.0136613 0.42506623 0.30675945
27 0.99412364 0.48634335 0.33586723
28 1.0037184 0.40198702 0.2664555
29 1.0063617 0.4137376 0.22062138
30 0.99014807 0.44529006 0.33012906
31 1.0191802 0.45409536 0.31624654
32 1.004789 0.42419147 0.26326448
33 0.99729764 0.43596026 0.27312508
34 0.9707068 0.45431307 0.28710616
35 1.0374316 0.43973422 0.29858634
36 0.9832545 0.42205456 0.25103635
37 0.9805782 0.46159908 0.35762364
38 0.97856426 0.41298014 0.28261492
39 1.02021 0.42443043 0.22670011
40 0.97127646 0.4312482 0.2864912
41 0.9826482 0.409435 0.28347307
42 0.99833435 0.373322 0.24756034
43 0.9842848 0.40804923 0.27400076
44 0.9887767 0.4449094 0.3292721
45 0.99115247 0.44997817 0.35409242
46 0.96232903 0.46139973 0.26674885
47 0.97974074 0.40103218 0.26076317
48 0.9900438 0.38714924 0.278995
49 0.99134874 0.3868733 0.28882933
50 1.0141528 0.39105326 0
51 0.9635028 0.4536312 0
52 0.9897912 0.39861044 0
53 0.98099124 0.45936728 0
54 0.98972756 0.4120518 0
55 1.0013492 0.38327587 0
56 0.9913635 0.59402674 0
57 0.9931996 0.4064457 0
58 0.9902212 0.48802975 0
59 0.9602109 0.5035014 0
60 0.9683924 0.40343052 0
61 1.0078177 0.38041425 0
62 0.99422526 0.40742344 0
63 0.9813642 0.4125741 0
64 0.9624214 0.42436284 0
65 0.9697742 0.43680838 0
66 0.96026736 0.41199526 0
67 0.9833294 0.43261254 0
68 0.9752848 0.41888428 0
69 1.0019248 0.37111086 0
70 0.9762415 0.43379986 0
71 0.9808401 0.45681244 0
72 0.97103703 0.4468371 0
73 0.9967748 0.40794957 0
74 0.96878064 0.40302312 0
75 0.98417354 0.42612857 0
76 0.98963034 0.4274273 0
77 0.967638 0.44968003 0
78 0.9993237 0.43677846 0
79 0.95123786 0.48922244 0
80 0.9778131 0.4199421 0
81 0.9671349 0.41174453 0
82 0.95776176 0.45930892 0
83 0.9813946 0.3862113 0
84 0.9698918 0.38250569 0
85 0.9511293 0.4909234 0
86 0.9841071 0.48355103 0
87 0.9660644 0.4665532 0
88 0.98316294 0.4502568 0
89 0.9597118 0.43543118 0
90 0.9522804 0.40324476 0
91 0.953007 0.40049934 0
92 0.98842573 0.3922661 0
93 0.9984498 0.4118646 0
94 0.9719428 0.4724695 0
95 1.0038056 0.3823463 0
96 0.97833335 0.41447806 0
97 0.9872354 0.4148717 0
98 0.98777145 0.4353459 0
99 0.9609883 0.42311132 0
100 0.9697896 0.41564557 0
101 0.96765614 0.41348994 0
102 0.95038396 0.39946917 0
103 0.95672196 0.39869308 0
104 0.97203964 0.4177701 0
105 0.9540349 0.40126383 0
106 0.9535679 0.40817416 0
107 0.97115064 0.3984262 0
108 0.96437913 0.3934753 0
109 0.966501 0.38769943 0
110 0.9436014 0.46085936 0
111 0.9874812 0.38501847 0
112 0.9589312 0.4382606 0
113 0.95819616 0.40625453 0
114 0.97545195 0.4195876 0
115 0.9789847 0.40779296 0
116 0.9762061 0.41862488 0
117 0.9663059 0.41165137 0
118 0.98561645 0.39193884 0
119 0.9583508 0.4092769 0
120 0.9607233 0.41263646 0
121 0.96934587 0.42613906 0
122 0.9603647 0.4267394 0
123 0.98140115 0.39720502 0
124 0.96148324 0.41485453 0
125 0.9687887 0.41673812 0
126 0.9648303 0.40579122 0
127 0.96265316 0.44331557 0
128 0.96992344 0.43144226 0
129 0.963286 0.43242764 0
130 0.9561203 0.4303929 0
131 0.94588614 0.4484598 0
132 0.9461371 0.44834888 0
133 0.9669973 0.4175684 0
134 0.9590931 0.43277776 0
135 0.9510038 0.40735954 0
136 0.9549025 0.4523899 0
137 0.960711 0.3897222 0
138 0.9818778 0.3907411 0
139 0.94796056 0.4414152 0
140 0.95759684 0.45945272 0
141 0.95859087 0.4143172 0
142 0.9674514 0.4261906 0
143 0.96363515 0.45349833 0
144 0.9715122 0.4308245 0
145 0.9659789 0.40238106 0
146 0.95870054 0.42347965 0
147 0.9607719 0.42197874 0
148 0.95970625 0.4111917 0
149 0.949275 0.4497859 0
150 0.96367264 0.38428226 0
151 0.9776273 0.41942298 0
152 0.9640382 0.42137307 0
153 0.9661722 0.42505318 0
154 1.0075504 0.3908109 0
155 0.959929 0.4242238 0
156 0.97041005 0.38884252 0
157 0.9766649 0.41172832 0
158 0.9545444 0.39576358 0
159 0.9488774 0.40020776 0
160 0.9866849 0.4224249 0
161 0.9647505 0.4286368 0
162 0.9565782 0.41434312 0
163 0.9688506 0.46201542 0
164 0.95504445 0.41513473 0
165 0.9688809 0.43681508 0
166 0.9649371 0.46673092 0
167 0.9619552 0.45212936 0
168 0.9769791 0.43044046 0
169 0.95672446 0.43158877 0
170 0.97433645 0.4411072 0
171 0.9620184 0.47760415 0
172 0.96688 0.43130395 0
173 0.97849137 0.41119647 0
174 0.9497654 0.4361568 0
175 0.98520476 0.39885873 0
176 0.96807367 0.43086624 0
177 0.9706619 0.44322622 0
178 0.9707172 0.41660896 0
179 0.9558865 0.42991936 0
180 0.9674457 0.41649252 0
181 0.95452267 0.45645928 0
182 0.95759064 0.43260434 0
183 0.96630853 0.44137684 0
184 0.9613076 0.4211039 0
185 0.94519985 0.4184989 0
186 0.97226864 0.45279142 0
187 0.9601686 0.41227356 0
188 0.96050704 0.42178902 0
189 0.96683234 0.46158707 0
190 0.96600175 0.45329994 0
191 0.9814407 0.3982012 0
192 0.964067 0.45774886 0
193 0.9658974 0.45079207 0
194 0.9652145 0.45393056 0
195 0.94769126 0.41381022 0
196 0.9695256 0.42523277 0
197 0.9500482 0.4124362 0
198 0.9731134 0.4217078 0
199 0.95983726 0.42555678 0
200 0.9704319 0.40432453 0
201 0.963693 0.4119609 0
202 0.95519364 0.42603004 0
203 0.9547847 0.394622 0
204 0.9710483 0.38713452 0
205 0.9658991 0.40492707 0
206 0.9529568 0.41564935 0
207 0.9699799 0.40395346 0
208 0.955579 0.41376534 0
209 0.9546888 0.41618258 0
210 0.9541636 0.40393296 0
211 0.9609592 0.4081738 0
212 0.9602367 0.42348862 0
213 0.95885193 0.42449468 0
214 0.94991595 0.437932 0
215 0.95222545 0.44091836 0
216 0.96725065 0.41965163 0
217 0.96444315 0.42067236 0
218 0.95000315 0.44509178 0
219 0.9518322 0.42224538 0
220 0.94801146 0.4145001 0
221 0.9692209 0.45184487 0
222 0.95125175 0.4201507 0
223 0.9492575 0.4259851 0
224 0.9521612 0.4504777 0
225 0.9558471 0.41904604 0
226 0.96553487 0.43317813 0
227 0.96134055 0.39801675 0
228 0.96471965 0.42699015 0
229 0.9585105 0.40834028 0
230 0.9544923 0.4525434 0
231 0.9596423 0.45514962 0
232 0.9445379 0.41031113 0
233 0.96113807 0.43532652 0
234 0.94890964 0.4465214 0
235 0.95265317 0.44092372 0
236 0.95320606 0.4383843 0
237 0.95252615 0.4287839 0
238 0.9500748 0.4275369 0
239 0.9729761 0.42145354 0
240 0.93686223 0.43838346 0
241 0.95909536 0.42852843 0
242 0.9638919 0.4166595 0
243 0.96002424 0.43549818 0
244 0.9614476 0.40683565 0
245 0.9643193 0.41356444 0
246 0.93839824 0.4379251 0
247 0.9697652 0.40617734 0
248 0.94946903 0.4084021 0
249 0.9614093 0.4002176 0
250 0.94674927 0.4172893 0
251 0.95317733 0.42277706 0
252 0.96865505 0.45661858 0
253 0.92396104 0.47478893 0
254 0.9677038 0.41811883 0
255 0.9419857 0.41305286 0
256 0.9606874 0.47386238 0
257 0.95067173 0.43877017 0
258 0.957862 0.4133495 0
259 0.97189605 0.39610845 0
260 0.96371806 0.42164746 0
261 0.9524253 0.41196394 0
262 0.94917285 0.41949707 0
263 0.94559395 0.47085905 0
264 0.9683249 0.41472876 0
265 0.9747474 0.4062844 0
266 0.95384204 0.44229928 0
267 0.96256214 0.41538954 0
268 0.9723352 0.4341917 0
269 0.95901823 0.42096388 0
270 0.96155196 0.44819623 0
271 0.97182983 0.44367093 0
272 0.952719 0.432971 0
273 0.95503724 0.44060338 0
274 0.9788562 0.43150738 0
275 0.9547089 0.41252822 0
276 0.95000136 0.42206925 0
277 0.95911884 0.429581 0
278 0.96744955 0.42025048 0
279 0.9678605 0.41990322 0
280 0.96881294 0.40786412 0
281 0.9516646 0.45362085 0
282 0.95209503 0.44268978 0
283 0.966813 0.4599772 0
284 0.9648823 0.44087607 0
285 0.968976 0.41852105 0
286 0.94852847 0.46588084 0
287 0.9495788 0.4654953 0
288 0.9296845 0.44228488 0
289 0.9608947 0.4326378 0
290 0.958557 0.43159005 0
291 0.9494003 0.4394027 0
292 0.9664841 0.44457132 0
293 0.9522799 0.46648914 0
294 0.94964457 0.42759383 0
295 0.9460424 0.4918827 0
296 0.9381933 0.467593 0
297 0.9446157 0.46194774 0
298 0.95999014 0.46031147 0
299 0.963479 0.4171979 0
300 0.9289173 0.45909685 0
301 0.92487913 0.45507002 0
302 0.9677411 0.40305927 0
303 0.9660746 0.44405368 0
304 0.9505161 0.46130532 0
305 0.9752086 0.4277714 0
306 0.90342563 0.4844921 0
307 0.9416235 0.46673223 0
308 0.9101722 0.49060476 0
309 0.93792427 0.45056695 0
310 0.95053995 0.46083483 0
311 0.94833606 0.46218443 0
312 0.89857644 0.47978145 0
313 0.9367602 0.4582299 0
314 0.9248324 0.5064823 0
315 1.0055102 0.41604576 0
316 0.90656435 0.53367543 0
317 0.9080404 0.48956198 0
318 0.96956027 0.45776504 0
319 0.90619266 0.513795 0
320 0.93725485 0.46795344 0
321 0.95461625 0.4924218 0
322 0.94558823 0.44993997 0
323 0.99650383 0.4026631 0
324 0.9260614 0.4878107 0
325 0.8895328 0.46813172 0
326 0.93518686 0.49718347 0
327 0.88897014 0.5592479 0
328 0.95457286 0.47740918 0
329 0.84158385 0.6131532 0
330 0.90320885 0.49713802 0
331 0.9108143 0.512783 0
332 0.96735626 0.42601386 0
333 0.97473806 0.43678373 0
334 0.90749836 0.5045608 0
335 0.9295424 0.49240375 0
336 0.938342 0.50006914 0
337 0.9334113 0.5033134 0
338 0.9544338 0.52470505 0
339 0.8895709 0.57015085 0
340 0.877432 0.53334606 0
341 0.84738433 0.6251358 0
342 0.8787149 0.5212785 0
343 0.8971435 0.59338677 0
344 0.86518884 0.6058312 0
345 0.8300998 0.7140833 0
346 0.9991728 0.42585963 0
347 0.92318994 0.72492003 0
348 0.85995275 0.6002566 0
349 0.89918923 0.5800021 0
350 0.8709996 0.6284368 0
351 0.89925694 0.5673221 0
352 1.0065863 0.5083945 0
353 0.9335792 0.49198163 0
354 0.9528528 0.5136275 0
355 0.91615903 0.56187 0
356 0.9533926 0.5679274 0
357 0.79501104 0.63963723 0
358 0.96380985 0.51407623 0
359 0.96591717 0.42424503 0
360 0.892928 0.6015764 0
361 0.83345366 0.650614 0
362 0.7754123 0.7401539 0
363 0.8976486 0.5737281 0
364 0.8715238 0.50198174 0
365 0.8984227 0.58241 0
366 0.90651894 0.6255592 0
367 0.90753376 0.5693494 0
368 0.88660866 0.6440773 0
369 0.8463789 0.580374 0
370 0.8287141 0.52824104 0
371 0.8626654 0.65682924 0
372 0.8197309 0.6817167 0
373 0.98444724 0.50093216 0
374 0.96947163 0.4439081 0
375 0.83533776 0.6905566 0
376 0.8074786 0.59854054 0
377 0.8989842 0.5040736 0
378 0.86347514 0.5613806 0
379 0.8096509 0.66094106 0
380 0.8983598 0.638306 0
381 0.84497803 0.6528758 0
382 0.9307775 0.4733214 0
383 0.90771514 0.5853315 0
384 0.92156214 0.558974 0
385 0.8785521 0.70787996 0
386 1.0045781 0.521845 0
387 0.8476684 0.67154545 0
388 0.8031971 0.71503353 0
389 0.8259885 0.6424979 0
390 0.90846217 0.5375314 0
391 0.9092558 0.5745219 0
392 0.9043448 0.5800946 0
393 0.8928343 0.56248665 0
394 0.8941403 0.6502818 0
395 0.9172014 0.5784872 0
396 0.9814709 0.44385588 0
397 0.92525077 0.525701 0
398 0.8489777 0.6503564 0
399 1.0130858 0.5124645 0
400 0.88651645 0.5267612 0
401 0.86589706 0.63619936 0
402 0.9164463 0.46001574 0
403 0.8667437 0.50731647 0
404 0.7632046 0.61181307 0
405 0.6794723 0.7820097 0
406 0.8276651 0.5996885 0
407 0.9317782 0.6453197 0
408 0.85868174 0.4966607 0
409 0.88097274 0.50198305 0
410 0.78641474 0.632733 0
411 0.9380195 0.49986035 0
412 0.7574762 0.6620643 0
413 0.88858926 0.62713015 0
414 0.8288113 0.6350012 0
415 0.89935124 0.47348624 0
416 0.757589 0.63705146 0
417 0.89820457 0.48715425 0
418 0.7410828 0.668738 0
419 0.7717825 0.6289612 0
420 0.9737347 0.5534416 0
421 0.9533325 0.49300832 0
422 0.9003582 0.5187055 0
423 0.9624218 0.5323615 0
424 0.78050745 0.63371813 0
425 0.8485021 0.5879748 0
426 0.9304848 0.49208507 0
427 0.9452188 0.49540856 0
428 0.73953176 0.6869668 0
429 0.91917074 0.4820602 0
430 0.79104304 0.6098369 0
431 0.9175299 0.5400481 0
432 0.7051257 0.7279544 0
433 0.78819275 0.6974094 0
434 0.85766554 0.6999142 0
435 0.8896582 0.60185945 0
436 0.7898363 0.7530201 0
437 1.0282859 0.5573046 0
438 0.615659 0.8511791 0
439 0.7055694 0.8652923 0
440 0.81595176 0.7300558 0
441 0.64907134 0.78913695 0
442 0.76858544 0.59506404 0
443 0.6913793 0.6313726 0
444 0.886731 0.66254115 0
445 0.7774495 0.68557996 0
446 0.7220999 0.7080736 0
447 0.6862052 0.77473605 0
448 0.75103456 0.71214104 0
449 0.7921247 0.6157061 0
450 0.77151394 0.63937986 0
451 0.74431384 0.64638436 0
452 0.80558825 0.66000104 0
453 0.9161797 0.609015 0
454 0.73480606 0.73512626 0
455 0.742073 0.6886976 0
456 0.9525546 0.5216215 0
457 0.7506406 0.68663394 0
458 0.71960884 0.76895756 0
459 0.8307854 0.69043005 0
460 0.9373816 0.62419504 0
461 0.84031695 0.5724986 0
462 0.7490509 0.6796565 0
463 0.87046504 0.5506393 0
464 0.91982955 0.55426824 0
465 0.8187664 0.71270514 0
466 0.71482754 0.71811867 0
467 0.76005244 0.7152842 0
468 0.7852107 0.8259796 0
469 0.76726836 0.7370702 0
470 0.76051855 0.7383729 0
471 0.833284 0.63381577 0
472 0.78336924 0.6809707 0
473 0.7752964 0.6825 0
474 0.9669013 0.46092448 0
475 0.7126347 0.7277137 0
476 1.0507326 0.4515141 0
477 1.0665556 0.47170117 0
478 0.79060435 0.64777756 0
479 0.67626256 0.79279995 0
480 0.7289947 0.7402319 0
481 1.0207698 0.50755847 0
482 0.8835376 0.6752652 0
483 0.6412229 0.7406978 0
484 0.84921455 0.6231245 0
485 0.78431004 0.6292013 0
486 0.9580956 0.49685568 0
487 0.80005944 0.7172886 0
488 0.8016006 0.67278826 0
489 0.9434357 0.46636438 0
490 0.8513879 0.6177952 0
491 0.7494827 0.618481 0
492 0.9723868 0.5588186 0
493 0.99038064 0.4682734 0
494 0.8247082 0.67738056 0
495 0.69418824 0.73267865 0
496 0.85731626 0.5999435 0
497 0.632571 0.85926217 0
498 0.75654185 0.77605975 0
499 0.8112898 0.5271524 0
500 0.7606844 0.575027 0
501 0.74125344 0.5282252 0
502 0.85719407 0.5916573 0
503 0.83782613 0.6071322 0
504 0.76358545 0.60096633 0
505 0.79074407 0.7577163 0
506 0.9653083 0.61512935 0
507 0.8567698 0.49486208 0
508 0.85499394 0.5603415 0
509 0.63901716 0.7753528 0
510 0.6586209 0.71187747 0
511 0.84461105 0.46739498 0
512 0.84035206 0.5736682 0
513 0.6525462 0.72711897 0
514 0.8762406 0.71554345 0
515 0.7549007 0.598577 0
516 0.6650913 0.68917274 0
517 0.66053736 0.84078425 0
518 0.7273806 0.6672705 0
519 0.7464142 0.67185754 0
520 0.9074903 0.6225213 0
521 0.6714909 0.6432173 0
522 0.8681742 0.5176867 0
523 0.61360097 0.7496458 0
524 0.6975217 0.6553552 0
525 0.6443412 0.67158973 0
526 0.9067848 0.5258161 0
527 0.7074203 0.70767534 0
528 0.59592545 0.76903975 0
529 0.7751619 0.6015079 0
530 0.7102741 0.75374436 0
531 0.6619424 0.6961974 0
532 0.86041975 0.5571455 0
533 0.7104221 0.7204887 0
534 0.74327683 0.73237824 0
535 0.75367445 0.61559534 0
536 0.96744 0.43396643 0
537 0.7304217 0.71234506 0
538 0.7822608 0.57194394 0
539 0.8360746 0.62835616 0
540 0.75708616 0.74118006 0
541 0.85375 0.58101624 0
542 0.80434203 0.6329107 0
543 0.8288668 0.5238065 0
544 0.8490278 0.58810914 0
545 0.8726557 0.53844285 0
546 0.77869594 0.6169907 0
547 0.7321744 0.59034514 0
548 1.1450768 0.44073474 0
549 0.75371444 0.6990919 0
550 1.0205872 0.5717169 0
551 0.9629791 0.5734733 0
552 0.84376454 0.67943203 0
553 0.83248425 0.51007175 0
554 0.8190828 0.5927013 0
555 0.7084415 0.5899869 0
556 0.73400867 0.7009683 0
557 0.9498472 0.5110853 0
558 0.71422 0.6796271 0
559 0.8028753 0.49573523 0
560 0.9504771 0.58347523 0
561 0.91005766 0.54446113 0
562 0.62498343 0.78575855 0
563 0.75375164 0.5923814 0
564 0.5961156 0.7833357 0
565 0.73248684 0.6778825 0
566 0.67693114 0.6359997 0
567 0.9495482 0.6131097 0
568 0.800086 0.5382824 0
569 0.8243049 0.7536357 0
570 0.74780035 0.6267817 0
571 0.783962 0.5126749 0
572 0.6350427 0.7525948 0
573 0.78543186 0.7174499 0
574 0.619659 0.7648676 0
575 0.7921638 0.8408139 0
576 0.76439536 0.65968794 0
577 0.6084504 0.7771919 0
578 0.8594452 0.57860416 0
579 0.7284138 0.6450466 0
580 0.8321822 0.67206734 0
581 0.7693908 0.6537645 0
582 0.65541685 0.70834863 0
583 0.67181516 0.6164596 0
584 0.7233055 0.6693007 0
585 0.8497741 0.51651114 0
586 0.78506035 0.6063515 0
587 0.96465623 0.6116818 0
588 0.63605106 0.72715545 0
589 0.7400769 0.895131 0
590 0.76617277 0.602508 0
591 0.6508604 0.74412423 0
592 0.7033753 0.71301496 0
593 0.66107464 0.6916387 0
594 0.75899816 0.6681849 0
595 0.68625903 0.65251267 0
596 0.7244938 0.7612862 0
597 0.8209212 0.69421035 0
598 1.0570109 0.49918643 0
599 0.5982301 0.8911959 0
600 0.8317679 0.8813093 0
