0 0.31391776 3.6974332 0.43674472
1 0.5615996 3.0306685 0.36178166
2 0.5701156 2.3385603 0.40028214
3 0.5734265 2.9954445 0.37430227
4 0.3375386 4.1702347 0.33855593
5 0.8771646 2.3193011 0.31033576
6 0.6010303 1.7177019 0.41205615
7 0.99994755 0.35905877 0.41377807
8 0.7869235 1.4922619 0.349483
9 0.84875286 2.3043969 0.34259325
10 1.3303331 1.5971775 0.33392403
11 0.73646224 1.0921301 0.3589419
12 0.70184535 2.8088498 0.2969778
13 1.3433479 1.9635046 0.3346933
14 0.8592202 1.0072956 0.35658348
15 0.8339821 0.4773947 0.3114824
16 0.6591257 2.1689644 0.28454477
17 0.8763832 1.6234956 0.33995846
18 0.8059862 0.8136773 0.35596043
19 0.84207517 1.1642649 0.3583551
20 0.6623163 1.5255518 0.3315407
21 0.6216686 2.659659 0.3319839
22 0.8861908 1.4988077 0.37597057
23 0.49613392 3.0045776 0.31045598
24 0.44936615 2.0484703 0.3480243
25 1.0756867 0.3302631 0.34582454
26 0.7697034 3.2471914 0.35733038
27 1.4726565 1.6957414 0.28626126
28 0.69399405 2.078897 0.29257527
29 0.59479916 1.9950535 0.3187438
30 0.5879476 1.4409434 0.2825907
31 0.5110738 1.6072103 0.339838
32 0.39313167 1.5725017 0.276078
33 1.041034 1.8261507 0.2921595
34 1.1018094 0.23783112 0.30772293
35 0.68602926 2.6219654 0.29065114
36 0.84029526 0.8757796 0.30131078
37 0.34057373 2.947093 0.31184787
38 0.6448524 3.541863 0.29143518
39 0.5741578 1.1337559 0.2430911
40 0.481574 2.7789767 0.30853334
41 0.5991289 0.94426477 0.30077142
42 0.47517976 1.5654066 0.29350588
43 0.43804675 1.1431489 0.2813427
44 0.9106403 3.4953976 0.29982144
45 0.33665255 3.699415 0.28417307
46 0.44728604 2.024609 0.26297608
47 0.39297295 2.3562784 0.23333906
48 0.5318813 2.160264 0.25992706
49 0.5788151 0.99442494 0.2809381
50 0.593614 4.1633644 0
51 0.44519335 1.9855957 0
52 0.5396875 1.5687637 0
53 0.838521 0.47465163 0
54 0.3148184 1.8626399 0
55 0.6469912 2.2658858 0
56 0.7314263 0.80451775 0
57 0.94167435 5.450229 0
58 0.2819509 2.1800027 0
59 0.8052548 2.289368 0
60 1.2592843 0.21680287 0
61 0.35131088 2.3409796 0
62 0.4423291 1.4081773 0
63 1.1175505 3.7545414 0
64 0.31767923 3.0848289 0
65 0.33864605 1.5431963 0
66 0.36057386 4.181641 0
67 0.4806918 3.1464114 0
68 0.654115 2.9878058 0
69 0.77920747 3.5659869 0
70 0.51527035 1.0665877 0
71 0.8883884 0.32610378 0
72 1.0266997 0.5713366 0
73 0.42806047 2.2498078 0
74 0.7002993 1.5018106 0
75 0.61456376 2.5205643 0
76 1.2395765 2.451223 0
77 0.30532044 2.9642453 0
78 0.7567879 3.1131778 0
79 0.49685237 1.7972134 0
80 0.34971592 1.6951454 0
81 0.38990748 2.1132264 0
82 0.8091018 1.3355713 0
83 0.38465303 1.7898427 0
84 0.55897117 2.156487 0
85 1.0195537 2.9983535 0
86 0.32383943 2.5146723 0
87 0.6015335 4.036831 0
88 0.47472054 1.0681331 0
89 0.38969523 1.7641628 0
90 0.74445885 4.102196 0
91 0.79994583 4.234707 0
92 0.5051511 1.7828203 0
93 0.469048 2.536266 0
94 0.8572681 0.40212804 0
95 0.82823753 2.9404163 0
96 0.60109574 3.8588076 0
97 0.30957377 1.8091599 0
98 0.7691282 3.097246 0
99 0.41419637 2.5344377 0
100 0.9062824 1.5918713 0
101 0.59338385 1.4148237 0
102 0.75788355 1.9106247 0
103 0.14736366 1.9790362 0
104 0.5060141 1.5688908 0
105 0.24626929 3.4798603 0
106 0.113486394 3.6410618 0
107 0.3836296 1.9207387 0
108 0.55653757 2.7060308 0
109 0.29889888 2.436315 0
110 0.42803347 3.21768 0
111 0.7272413 1.8150246 0
112 0.30132872 2.0063536 0
113 0.21504138 2.6233742 0
114 0.36442304 2.6791005 0
115 0.1282686 2.9793525 0
116 0.288422 3.25671 0
117 0.06586566 4.2534924 0
118 0.12434307 3.445197 0
119 0.39412582 1.4667501 0
120 0.121276766 2.7819061 0
121 0.27352104 3.2375464 0
122 1.1462126 1.4441831 0
123 0.18681255 3.2558675 0
124 0.4417964 3.7156093 0
125 0.15651704 3.5658367 0
126 0.31077176 2.6759014 0
127 0.079554886 2.9527755 0
128 0.19168572 3.8550959 0
129 0.5318775 2.4142966 0
130 0.17551364 3.498097 0
131 0.059325375 3.0954738 0
132 0.43820396 3.078875 0
133 0.22103992 3.9790711 0
134 0.5743125 1.0349283 0
135 0.037996173 5.7012796 0
136 0.36287653 3.7891097 0
137 0.8996652 3.4770312 0
138 0.32683092 4.085128 0
139 0.17064425 3.6480596 0
140 0.29242402 2.0660748 0
141 0.068775035 4.044099 0
142 0.2807117 3.8444943 0
143 0.36839962 2.9195957 0
144 0.34046283 2.988124 0
145 0.170362 3.5510612 0
146 0.08307869 3.925869 0
147 0.35865012 3.3362482 0
148 0.3574099 1.8262488 0
149 0.15278809 3.0571988 0
150 0.7508299 5.6947584 0
151 0.12119859 3.34191 0
152 0.35132614 2.60989 0
153 0.07677199 3.037944 0
154 0.5127803 3.0791852 0
155 0.2310502 4.335373 0
156 0.46972305 5.8268337 0
157 0.2629448 2.8616426 0
158 0.69324195 3.8971682 0
159 0.43272078 3.1213322 0
160 0.11233316 3.5236187 0
161 0.39428204 3.6945608 0
162 0.1809296 3.5405145 0
163 0.18273777 3.4157138 0
164 0.2947907 2.4596615 0
165 0.072790444 2.0510578 0
166 0.17281452 2.4256215 0
167 0.64108837 1.5933187 0
168 0.19570036 3.053575 0
169 0.22244297 2.592997 0
170 0.08401503 4.868042 0
171 0.08550743 3.425853 0
172 1.2742524 5.5404367 0
173 0.7844837 3.5378454 0
174 0.16486801 2.0709403 0
175 0.16372584 3.5057673 0
176 0.14740296 3.217907 0
177 0.19342002 3.3792584 0
178 0.16912404 2.5695112 0
179 0.8899032 4.8455534 0
180 0.1018512 4.009832 0
181 0.25574952 2.5760465 0
182 0.14324734 3.2884202 0
183 1.1022979 7.59276 0
184 0.26518995 1.8965495 0
185 0.13555057 2.8681202 0
186 0.11950317 3.8298736 0
187 0.1474151 3.4065711 0
188 0.16237947 2.7874017 0
189 0.026237432 4.63688 0
190 0.1371347 2.9317827 0
191 0.1474937 4.03263 0
192 0.3699141 1.9121089 0
193 0.2182273 2.1442003 0
194 0.25810015 3.1933951 0
195 0.2278555 2.4116023 0
196 0.47188115 4.9275966 0
197 0.054440588 3.8616567 0
198 0.3057076 3.3344932 0
199 0.32912737 2.1303596 0
200 0.08535065 3.4126348 0
201 0.071248874 3.5596092 0
202 0.0689365 3.636527 0
203 0.16238777 2.816629 0
204 0.10444051 2.756538 0
205 0.12628199 3.1532502 0
206 0.10526629 2.9176629 0
207 0.10033078 2.8950667 0
208 0.22356687 4.11831 0
209 0.5381827 2.8931406 0
210 0.06787824 3.1399348 0
211 0.07988058 2.907047 0
212 0.16206777 3.520513 0
213 0.38623375 5.2633853 0
214 0.07988127 3.1243005 0
215 0.18683085 3.5390568 0
216 0.16846174 4.533017 0
217 0.60286564 4.7484627 0
218 0.034269676 4.6955314 0
219 0.09016174 2.4882727 0
220 0.10251903 3.5950108 0
221 0.038952343 3.862051 0
222 0.072941616 3.832259 0
223 0.22344318 3.463798 0
224 0.040275685 3.9027052 0
225 0.08639379 3.6311417 0
226 0.16654044 3.1243656 0
227 0.019396279 3.9688783 0
228 0.024260499 3.9627094 0
229 0.25020894 2.3481753 0
230 0.65825486 6.480324 0
231 0.1375109 3.500298 0
232 0.19939178 3.0591133 0
233 0.26394784 5.4178624 0
234 0.060846776 3.3918004 0
235 0.035535116 3.912796 0
236 0.08386316 3.60843 0
237 0.16687064 3.3441992 0
238 0.032625712 4.2679095 0
239 0.5204382 4.2259827 0
240 0.022460278 4.981607 0
241 0.02855483 4.4180474 0
242 0.26750958 3.147067 0
243 0.020850863 4.77017 0
244 0.29001707 2.5014238 0
245 0.03311871 4.986092 0
246 0.13775252 3.9848552 0
247 0.022842586 4.538909 0
248 0.05589346 3.9319253 0
249 0.01593602 4.347636 0
250 0.6132925 0.82140243 0
251 0.26495662 5.2487164 0
252 0.04308218 4.0166135 0
253 0.03416094 4.2480755 0
254 0.05790495 3.9782069 0
255 0.021928512 3.564413 0
256 0.25614077 3.4610403 0
257 0.14656511 4.918798 0
258 0.16608071 5.002576 0
259 0.0072858958 6.802529 0
260 0.1559644 2.244368 0
261 0.20450678 3.3192234 0
262 0.090706766 2.5839686 0
263 0.19068296 3.0750947 0
264 0.95786005 8.070749 0
265 0.3534399 1.3632396 0
266 1.9714645 2.0262804 0
267 0.01672727 5.33793 0
268 0.017738689 3.4558234 0
269 0.038389295 3.747384 0
270 0.21239507 4.9057074 0
271 0.12140089 5.150032 0
272 0.11619154 3.7715867 0
273 0.05800949 4.4130306 0
274 0.15927182 3.2184708 0
275 0.29034954 5.7277117 0
276 0.15691166 3.2517762 0
277 0.43978623 5.2315683 0
278 0.040857524 3.5493252 0
279 0.032879096 4.29525 0
280 0.0292726 5.5520186 0
281 0.050319757 3.4978886 0
282 0.06948297 4.7266874 0
283 0.15559678 3.5478923 0
284 0.16260503 3.583794 0
285 0.04786355 3.458043 0
286 0.008771207 4.4279213 0
287 0.10762246 4.390323 0
288 0.19667608 3.962738 0
289 0.03900766 4.135618 0
290 0.19160682 4.743294 0
291 0.28220725 4.2018843 0
292 0.18914838 3.4192803 0
293 0.03030925 3.9607766 0
294 0.10516411 2.3191032 0
295 0.047371693 2.3064795 0
296 0.11275711 3.9195828 0
297 0.013061669 6.4313636 0
298 0.23108096 5.126238 0
299 0.18675396 3.2826195 0
300 0.02806174 4.6603174 0
301 0.020564213 5.165475 0
302 0.19979438 2.504168 0
303 0.05500395 3.6162186 0
304 0.04619794 3.8895154 0
305 0.030906849 4.07014 0
306 0.070380755 3.1493082 0
307 0.12068197 3.836607 0
308 0.06648423 3.8286953 0
309 0.03638257 4.9963827 0
310 0.075365275 3.0944135 0
311 0.1541186 2.779766 0
312 0.20819175 2.2560248 0
313 0.054561634 3.894251 0
314 0.032059792 4.1625566 0
315 0.017494766 5.9218082 0
316 0.009875686 5.2818294 0
317 0.0121475365 4.408609 0
318 0.022467775 4.5908937 0
319 0.13852301 3.220184 0
320 0.10969253 3.4587197 0
321 0.024595022 4.4115295 0
322 0.0037814274 6.6948433 0
323 0.039308816 3.6524763 0
324 0.10066947 3.3464797 0
325 0.01128534 4.8190613 0
326 0.18051644 4.453799 0
327 0.028464206 3.9469743 0
328 0.09562678 3.4998822 0
329 0.078353696 3.6334724 0
330 0.0088118045 4.8216476 0
331 0.26519707 4.272635 0
332 0.14696258 3.2687864 0
333 0.03034156 4.2340508 0
334 0.05530487 3.7807095 0
335 0.01659815 4.5970154 0
336 0.12849951 5.8993397 0
337 0.029894445 4.266429 0
338 0.04875303 4.5897093 0
339 0.31718263 5.161867 0
340 0.15114588 4.1527796 0
341 0.025402192 4.804958 0
342 0.02958746 3.5563173 0
343 0.00869063 4.496393 0
344 0.16401857 2.5258982 0
345 0.026877424 6.5801525 0
346 0.034189045 4.1376953 0
347 0.13873729 3.504898 0
348 0.12755543 3.2616136 0
349 0.015576217 4.9214554 0
350 0.02828423 3.9545078 0
351 0.12688398 5.4989443 0
352 0.020992512 4.030138 0
353 0.0037132099 5.9397173 0
354 0.078128725 3.4618263 0
355 0.05126365 4.9959917 0
356 0.06853455 3.7443123 0
357 0.041344218 4.245293 0
358 0.021520197 4.156456 0
359 0.218277 3.4778137 0
360 0.14059542 3.6441455 0
361 0.048167452 4.1777334 0
362 0.115774944 3.8208117 0
363 0.019748718 4.505322 0
364 0.23595643 3.368249 0
365 0.012580426 4.3027716 0
366 0.024820305 4.3605623 0
367 0.101768695 5.640705 0
368 0.023307947 4.1036 0
369 0.090492584 4.287961 0
370 0.06124928 3.9177587 0
371 0.012159011 4.092127 0
372 0.00854922 5.578823 0
373 0.055224314 6.415605 0
374 0.10676411 3.8305814 0
375 0.009953316 4.9803877 0
376 0.020939166 4.276523 0
377 0.014934981 5.068384 0
378 0.07407569 5.1047306 0
379 0.05197846 3.6945066 0
380 0.014216399 4.606022 0
381 0.12518524 4.4284453 0
382 0.23848805 2.2128086 0
383 0.17641614 5.8110375 0
384 0.043553375 9.271816 0
385 0.06428865 5.5027337 0
386 0.11346904 5.0470347 0
387 0.014607618 7.2149053 0
388 0.1904625 6.2707634 0
389 0.03239322 5.675349 0
390 0.1410586 4.438203 0
391 0.06913189 4.1802254 0
391 1.2745072 8.203438 0
392 0.7231634 7.3835645 0
393 0.18068771 4.634268 0
394 0.40710494 1.3912257 0
395 0.074258015 6.298944 0
396 0.20939414 3.1714597 0
397 0.13650978 3.3729777 0
398 0.05434926 4.519329 0
399 0.2979077 5.0309796 0
400 0.17567503 1.930191 0
401 0.07346359 2.7296484 0
402 0.082022935 3.0473828 0
403 0.06714091 3.1275942 0
404 0.17485783 1.9477799 0
405 0.77350926 0.73982835 0
406 0.3045068 2.155247 0
407 0.3259719 2.1711917 0
408 0.16554496 1.9759039 0
409 0.0305922 3.7357152 0
410 0.10613066 2.9788766 0
411 0.03881016 3.5152624 0
412 0.109654896 2.4943733 0
413 0.17917982 1.8958982 0
414 0.14934379 2.8305378 0
415 0.11876733 2.438932 0
416 0.02327247 4.297233 0
417 0.044990823 3.3862998 0
418 0.0814013 3.3171525 0
419 0.15651704 2.4363081 0
420 0.06648449 2.9352686 0
421 0.099917926 2.6157975 0
422 0.09179562 2.5916781 0
423 0.028349018 3.4175591 0
424 0.015511585 4.782942 0
425 0.17639433 2.162541 0
426 0.041589163 3.3253908 0
427 0.12653616 2.397241 0
428 0.12798586 2.7954574 0
429 0.013228511 4.4939094 0
430 0.027922712 4.335485 0
431 0.04449933 3.607293 0
432 0.060902312 3.088015 0
433 0.13290037 2.8474607 0
434 0.05080506 2.8298485 0
435 0.042389378 4.451008 0
436 0.02049144 3.9388294 0
437 0.032576233 4.130066 0
438 0.027247168 3.695298 0
439 0.019539349 3.8284044 0
440 0.035210557 3.5166283 0
441 0.016181367 4.183424 0
442 0.091787055 3.1237345 0
443 0.015487803 4.136502 0
444 0.772573 2.1103542 0
445 0.054742 4.104346 0
446 0.12978935 5.883673 0
447 0.013063578 4.475146 0
448 0.07926856 3.0954745 0
449 0.015549557 6.0199165 0
450 0.03269642 4.1218104 0
451 0.01613503 5.1433496 0
452 0.078182645 4.59099 0
453 0.064351544 3.6826978 0
454 0.047981247 5.3547835 0
455 0.051030394 3.315583 0
456 0.0477193 2.7486851 0
457 0.016535018 4.483364 0
458 0.02479395 4.9740996 0
459 0.045607448 5.326826 0
460 0.017803103 5.2151184 0
461 0.036189 4.572355 0
462 0.03640782 2.7987518 0
463 0.30523747 2.138298 0
464 0.0062654177 5.8824596 0
465 0.053275455 3.0607057 0
466 0.014259087 4.1399107 0
467 0.048618566 4.349731 0
468 0.020628221 4.395955 0
469 0.038541943 3.188686 0
470 0.02787648 3.718708 0
471 0.016999556 4.3172455 0
472 0.0059231985 5.381265 0
473 0.34483132 4.459428 0
474 0.10304761 3.1332567 0
475 0.009408874 4.164419 0
476 0.09587533 3.0616803 0
477 0.012925166 4.624758 0
478 0.03081465 3.799424 0
479 0.1102499 4.3412 0
480 0.1592359 2.9592745 0
481 0.045086093 4.040983 0
482 0.087418556 2.9237914 0
483 0.035704628 4.156034 0
484 0.04124607 4.0142164 0
485 0.023600556 4.0764046 0
486 0.020811081 6.526052 0
487 0.009138365 4.5717773 0
488 0.016892295 4.6826906 0
489 0.034537785 3.8641534 0
490 0.0042821397 6.262603 0
491 0.06511377 3.2116733 0
492 0.044733427 3.9014492 0
493 0.015775912 6.1025667 0
494 0.0060486263 4.9912148 0
495 0.018406272 4.881503 0
496 0.014563891 4.661953 0
497 0.008075299 4.690483 0
498 0.18433407 3.000677 0
499 0.031769536 3.8439622 0
500 0.021361638 4.202191 0
501 0.019646931 3.9616966 0
502 0.026362222 3.8146334 0
503 0.0254989 5.7434883 0
504 0.0304915 6.509783 0
505 0.0062170955 4.9617753 0
506 0.07219768 2.9479465 0
507 0.16301571 2.515467 0
508 0.01269 4.2612343 0
509 0.043300323 4.925144 0
510 0.20914194 4.665168 0
511 0.06448178 3.4741974 0
512 0.41937363 2.8068867 0
513 0.003617369 5.6313124 0
514 0.005799555 4.9445033 0
515 0.014306232 4.2764416 0
516 0.027343638 3.688239 0
517 0.036899164 3.3359737 0
518 0.04518899 3.26657 0
519 0.035254046 4.165203 0
520 0.020692721 4.035697 0
521 0.018363584 3.9380093 0
522 0.053503085 3.1646643 0
523 0.011288796 4.73213 0
524 0.06314498 3.9211516 0
525 0.23536421 2.4859908 0
526 0.02790616 3.707406 0
527 0.021014288 4.091895 0
528 0.109441705 2.4484203 0
529 0.019473663 4.351732 0
530 0.005620312 6.2004757 0
531 0.060319442 2.9293098 0
532 0.12065602 2.5060163 0
533 0.02668968 3.32791 0
534 0.016583461 4.2653227 0
535 0.07608338 2.7490609 0
536 0.034465022 3.5053155 0
537 0.04054394 3.208343 0
538 0.018508023 3.954754 0
539 0.038742155 3.6638415 0
540 0.07670763 4.0281687 0
541 0.08359928 2.7967813 0
542 0.11084801 2.6838818 0
543 0.020901874 4.8746395 0
544 0.036901586 3.0827389 0
545 0.068281196 4.1767597 0
546 0.05125811 3.0306263 0
547 0.094824366 2.5611415 0
548 0.055262014 3.694407 0
549 0.023327509 3.9773393 0
550 0.070226796 2.8995373 0
551 0.055624858 4.1487765 0
552 0.21058464 2.3145247 0
553 0.08828587 2.7863138 0
554 0.0078031216 4.785016 0
555 0.27361077 2.158682 0
556 0.0048694243 5.770322 0
557 0.008034966 4.9329677 0
558 0.047961663 3.113783 0
559 0.0038516368 5.521972 0
560 0.025009451 4.955619 0
561 0.041890554 3.7705288 0
562 0.035363615 3.3054426 0
563 0.022793734 4.079122 0
564 0.005031527 5.8483334 0
565 0.036888976 3.579658 0
566 0.0071484908 5.2825747 0
567 0.006065812 5.143327 0
568 0.06098162 3.7937255 0
569 0.07899723 2.9196734 0
570 0.038287424 4.6140585 0
571 0.022178603 3.79427 0
572 0.00093158404 7.7121882 0
573 0.014532396 4.961114 0
574 0.010983149 4.691582 0
575 0.034107722 4.893355 0
576 0.029791616 4.6133237 0
577 0.024454555 3.8569226 0
578 0.0069257603 4.7786856 0
579 0.009314168 5.804945 0
580 0.0051635653 5.0326385 0
581 0.06975242 3.425302 0
582 0.004887408 5.4442816 0
583 0.010851758 5.7658343 0
584 0.025007125 3.936102 0
585 0.05045652 3.1965942 0
586 0.04623698 3.4715161 0
587 0.010536499 5.4846 0
588 0.028779048 3.5049877 0
589 0.018597651 4.916734 0
590 0.2592445 2.874012 0
591 0.1882141 5.535376 0
592 0.0014951559 6.2703533 0
593 0.009544271 6.5051994 0
594 0.020033643 3.8308415 0
595 0.006517925 5.501513 0
596 0.013376014 4.3128166 0
597 0.09242514 2.7933965 0
598 0.02884099 4.3918076 0
599 0.0018957856 6.127791 0
600 0.013442905 3.9578414 0
